105
C:\TrainingData\NTraning001.JPG
25, 79
35, 69
51, 78
35, 76
62.551, 74.5645
82.2763, 69.6387
91.0471, 78.3247
80.6999, 75.8372
31.3709, 82.8306
38, 80
45.322, 83.6121
38, 86
68.6557, 84.215
77, 79
84.1118, 83.045
78, 85
46, 106
69, 106
57, 105
58, 112
43.9153, 124.724
48, 122
52, 119
57, 120
62, 119
66, 121
70, 124
66, 129
58, 131
50, 129
58, 143
59, 153
44, 149
31, 138
25, 125
22, 113
20, 85
20, 79
28, 46
39, 41
57.4421, 38.222
77, 42
89, 50
97.911, 77.8513
99.6437, 84.8626
97.5136, 113.975
95, 129
86.9118, 139.117
71.8309, 147.991
38, 83
77, 82
C:\TrainingData\NTraning002.JPG
21, 75
29, 63
50.3206, 69.5281
32, 70
63, 72
86.061, 65.3123
96, 73
87, 72
30, 84
39, 79
46.8823, 84.2228
38.3085, 85.1974
68.5357, 84.1626
77, 80
84.1393, 83.4618
76.7646, 86.4457
47, 108
58, 106
70, 108
58, 113
41, 129
47, 126
51, 122
56, 123
62, 122
68, 125
71.8152, 128.745
66.3019, 131.926
59, 133
52, 132
60, 151
60, 159
42, 155
29.9428, 146.429
20, 131
16, 117
13, 86
14, 77
22, 40
38, 29
59, 25
81, 31
94, 42
104.868, 74.3624
104, 85
102, 119
97.1423, 129.544
85.0318, 146.145
74.2242, 154.883
39, 82
77.6241, 82.772
C:\TrainingData\NTraning003.JPG
25, 72
36, 66
49, 74
35, 71
67, 75
86, 66
94, 74
86, 71
29.7395, 82.1008
39, 79
46.7815, 83.4118
37.3361, 86.2017
68.7647, 83.3445
80.1597, 78.0672
84.6975, 81.9328
77.3697, 85.7647
47, 108
59, 104
70, 107
59, 113
41.2353, 126.941
48, 125
53.874, 122.639
59, 123
62, 122
66.9832, 123.647
73.4034, 125.899
66, 132
59, 134
50, 132
62, 145
61.3025, 151.782
42, 147
32, 142
23, 130
15, 111
12.395, 84.7227
13, 71.1429
20, 46
36, 35
54, 29
78, 33
95, 43
100, 75
101, 82
100, 112
96, 128
88, 138
78, 145
39, 82
78, 81
C:\TrainingData\NTraning004.JPG
24, 75
33, 67
47, 74
33, 73
67, 72
87, 67
93, 74
86, 74
30.5913, 82.1641
38, 79
44.3383, 84.8184
38, 86
70, 83
77.4985, 79.1648
84.9146, 83.2283
77.3176, 84.9193
45, 109
56, 107
67, 110
55.6749, 114.853
39.0633, 127.986
44.7463, 124.86
49.2053, 121.609
54.4256, 122.972
60, 122
65, 125
72, 128
64, 134
54.3036, 136.155
47.1693, 133.358
56, 151
55.086, 160.566
40, 157
28, 140
22, 129
16, 104
16, 84
16, 76
18.9434, 47.1488
33.1784, 37.0699
56.2933, 32.855
79.2274, 34.3946
95.3132, 46.3622
103.343, 76.4684
103, 84
101.669, 116.708
94.7243, 132.075
82.9249, 146.528
70.8563, 155.593
37.204, 82.021
76.796, 81.979
C:\TrainingData\NTraning005.JPG
21, 77
31, 69
47.2688, 75.0397
32, 73
68.8915, 72.829
89.1968, 69.2404
97, 78
88.2177, 72.8139
30, 84
37.2953, 78.8606
44, 83
36.2353, 86.0278
70, 84
78.2038, 78.4315
85.7394, 83.0953
78.0524, 85.1697
49, 107
60, 105
70, 108
60, 112
43.453, 124.842
50, 123
54, 121
58, 121
62, 121
65.9842, 122.202
70.865, 125.008
64.9445, 128.471
59, 130
52, 128
59, 142
59, 148
43, 145
31, 137
22, 127
18, 110
12, 86
12, 79
17, 44
33.8227, 33.3893
53, 28
74, 30
94, 41
103, 77
101, 85
98, 110
92.0183, 123.686
85.4265, 137.021
74, 145
37.2145, 82.4543
77.2246, 82.0051
C:\TrainingData\NTraning006.JPG
20.805, 73.0321
27.4352, 66.6605
47, 75
29, 71
65, 71
86.3559, 66.3024
94.0007, 73.5394
87, 70
28.8428, 84.3626
36, 80
44.7195, 83.1788
37, 86
69.947, 82.7013
79, 79
85.8237, 81.5175
79, 85
46, 104
57, 100
70, 105
58, 109
39.7406, 123.462
45, 121
50, 117
55, 119
59, 118
67, 119
72, 122
65, 127
57, 129
48, 128
56, 140
57, 147
39, 144
29, 137
22, 125
20, 119
16, 84
16, 74
25.9629, 42.2089
38, 33
58, 28
76, 32
94, 42
103, 73
102.755, 82.7113
103, 119
97.8903, 125.706
85, 138
75, 143
37.194, 82.2487
77.2487, 81.806
C:\TrainingData\NTraning007.JPG
25.0582, 74.5738
36, 68
51, 74
36, 73
65, 73
84, 67
88.4345, 71.8545
82, 71
31, 84
37, 79
45.1331, 82.7401
38, 86
70, 84
77.948, 78.7734
84.6923, 83.5385
76.8503, 85.6674
48, 102
61, 98
71, 101
61, 106
44.4511, 119.447
49.5239, 115.164
54, 112
59, 112
64, 112
69, 115
73, 120
68, 124
60, 124
52, 123
62, 136
63, 145
45, 141
31, 135
20, 123
16, 108
15, 86
15, 75
22, 48
36, 39
52, 34
74, 36
88, 45
95, 71
95, 84
96, 107
93, 120
90, 131
76, 140
38, 83
77, 82
C:\TrainingData\NTraning008.JPG
23.6667, 77.4167
36, 70
52, 75
36, 76
66, 75
83.25, 69.9167
92, 76
83, 75
29, 85
38, 79
44.5, 83.25
38, 86
70, 84
77, 79
83.25, 82.4167
77, 84
47, 106
60, 101
72, 106
60, 109
44, 125
50, 122
54, 117
59.9167, 117.833
65, 117
68.6667, 121.583
74.0833, 126.167
67.4167, 129.083
60, 132
50, 130
61, 143
60.75, 151.583
44, 149
27.4167, 141.583
18, 128
16, 121
13, 86
14, 79
21, 49
35, 40
54.9167, 38.6667
74.9167, 39.5
90.3333, 49.9167
96, 76
98, 84
98, 121
96, 129
87, 141
78, 147
38, 83
77, 82
C:\TrainingData\NTraning009.JPG
21, 75
29.9386, 69.8794
50.972, 75.0678
30.0786, 74.5404
65.8482, 75.1755
87, 69
93, 76
86, 74
30, 84
38, 78
43.9107, 82.9473
38, 86
68.4747, 84.1959
76.7955, 78.2648
86.1927, 83.5716
78, 86
45, 105
58, 101
71, 104
57, 108
42.8235, 125.197
47.7427, 121.354
52.9634, 119.858
56.6017, 121.042
63, 120
69, 122
74, 125
66.3003, 128.695
57.9042, 129.04
48.6792, 127.931
60, 143
61, 152
43.8245, 150.848
29.3681, 144.723
18, 128
11, 108
12.0484, 86.3057
12.1668, 77.9419
20.3046, 41.3003
37.3122, 30.859
56.085, 28.4478
77.2799, 31.3219
90.7137, 38.7707
102, 76
101.435, 85.1001
103, 113
98.0334, 127.188
91.6394, 138.835
78.3671, 149.072
38, 82
77, 82
C:\TrainingData\NTraning010.JPG
20, 76
28, 66
47, 73
28, 73
66, 74
85, 68
95, 78
85, 74
27.5062, 83.5968
35.9876, 78.8065
44.9086, 82.7174
37.5323, 85.1646
70, 83
78.3885, 78.9511
84.3995, 83.1686
78.4058, 86.663
44, 109
57, 106
69, 109
56, 114
39.3084, 127.681
44.7929, 124.638
50, 122
55, 124
61, 122
65.5276, 124.441
72, 128
66, 132
56, 133
46, 131
56, 147
57, 157
39, 154
28, 147
15, 131
10, 105
9.20133, 83.4579
9.66416, 75.7749
20, 40
38.429, 30.2789
57.3008, 29.0061
79.2447, 32.7376
93, 40
105, 78
104.509, 85.3439
105, 110
99, 130
91, 141
76, 153
37.2256, 82.2546
78, 82
C:\TrainingData\NTraning011.JPG
24.1854, 74.722
33, 68
44.6425, 71.1351
34, 73
66.0772, 75.3179
86, 68
90.6535, 75.3526
84, 74
28.4955, 83.1744
36.5256, 77.875
44.9375, 82.2372
37.0231, 85.6159
67.055, 83.0876
75.9876, 78.8065
86, 83
77.4744, 86.125
47, 108
58, 104
68, 107
58, 111
42.525, 130.285
47.107, 126.223
52.5626, 123.66
55.8082, 125.784
59.7654, 124.094
65.8921, 126.391
71.0006, 129.59
63, 132
58, 134
50, 132
59, 151
59, 162
42, 158
30, 150
19, 134
15, 126
15.357, 85.2745
15.9644, 75.1906
23, 37
40, 28
56, 26
73, 28
89, 35
100, 75
101, 84
103.127, 124.297
100.656, 133.305
88.6864, 148.005
74.6338, 157.279
38, 82
77, 82
C:\TrainingData\NTraning012.JPG
20.6931, 72.0856
29.3165, 66.2366
46.0407, 70.7705
30, 70
67, 71
82.1434, 66.3387
93.8233, 71.7313
83, 71
29, 83
36.6307, 78.9914
45.8785, 84.0838
37.3693, 85.0086
71, 83
77.6035, 79.1115
87.3978, 83.7775
78.7685, 85.6751
47, 106
58, 104
68, 106
57, 113
34.9372, 124.708
44.9658, 123.477
50.6166, 121.706
55.2405, 124.252
60, 122
65.6954, 123.567
76, 125
64.1821, 127.825
55.6128, 129.236
44.9117, 127.915
58, 146
57.5345, 153.671
35, 149
23, 141
12, 126
10.1782, 113.257
11.3492, 83.7715
12.1239, 73.4968
21, 37
36, 27
56.97, 22.2432
77, 25
92, 36
102.092, 72.7521
103.203, 83.7535
104, 117
99.9245, 126.312
92, 141
78, 149
37.2432, 82.03
78, 82
C:\TrainingData\NTraning013.JPG
20, 76
30, 66
49, 74
32, 72
66, 74
87, 67
96, 74
88, 72
27.5015, 84.4779
37, 79
45.6431, 85.6873
38, 87
69.7434, 84.1829
78.5634, 78.5487
84.4631, 83.3864
77.59, 86.4838
46, 109
58, 105
71, 107
58.1209, 111.853
39.8024, 126.631
46.174, 124.389
51.1888, 122.501
56.056, 122.826
60.9823, 122.265
65.7906, 123.475
71.8378, 126.1
66, 130
57, 132
46.6165, 131.086
57, 144
57, 153
39, 148
26, 139
19, 127
16, 112
14, 85
15, 77
20, 44
33, 34
55, 28
78.1209, 31.8525
95, 43
103, 75
102, 85
100, 113
95.2301, 128.549
87, 139
75, 146
37, 83
78, 82
C:\TrainingData\NTraning014.JPG
20.8015, 75.0675
31, 70
53, 78
30, 74
63.1052, 76.9547
87.3961, 67.9348
95, 76
86.8716, 73.045
31, 84
37.9598, 79.453
46.7364, 84.6714
39, 86
71, 85
78, 79
85.8225, 83.2654
80, 86
46, 105
61, 101
73, 105
60, 109
42.9835, 127.418
46.7688, 121.881
52, 118
60, 119
66, 118
71, 121
76, 127
69, 130
61, 132
51, 131
61, 147
61, 158
42, 155
26, 148
15.0262, 131.744
9.59159, 119.123
8.57496, 86.5532
10.0891, 76.3382
21, 42
38, 34
60, 29
80, 35
96, 46
104.046, 76.0354
105, 85
105, 122
101, 132
93, 144
77.1163, 152.001
39, 83
78, 82
C:\TrainingData\NTraning015.JPG
21, 80
29.912, 68.8437
48, 76
30, 76
64, 77
82, 70
92, 79
80, 76
27.9715, 83.3391
37, 79
43.1341, 82.6202
37, 85
69.6677, 82.7753
77.2185, 79.1573
84.9619, 83.7855
77.3125, 86.1067
46, 108
57.78, 103.68
68, 107
58, 112
43.4302, 126.511
48.3215, 122.226
51.9818, 118.904
56.5019, 121.168
61.9242, 118.147
68, 121
73, 125
68, 131
59, 134
51, 132
58.5083, 147.537
59, 158
42, 154
26.6558, 146.048
15, 130
12.0147, 119.336
7.88453, 87.911
7.19382, 78.8331
20, 47
35, 37
57.639, 33.2557
78.318, 36.4649
93.6028, 48.7802
104, 82
105, 89
98.6304, 120.572
97, 129
87.3395, 143.605
75.6914, 156.23
37, 83
76.5842, 82.249
C:\TrainingData\NTraning016.JPG
25, 75
36, 69
48.9307, 72.6931
37, 74
62.8911, 73.0891
80, 71
88.9802, 77.198
80, 74
27.5446, 81.5545
37.3465, 78.5347
45.2673, 84.3267
37, 87
66.2079, 84.9208
75.8614, 78.3861
86.3069, 83.9307
77.1485, 85.5149
48, 111
58, 106
67, 111
58, 115
41.1584, 130.416
46.9505, 127.495
53, 124
56, 126
60, 124
65, 127
71.1089, 130.911
62.7426, 134.574
56.0594, 136.406
48.6832, 135.168
57, 153
55.6139, 165.861
40, 160
27, 149
18, 134
15, 120
13, 85
14, 77
26, 35
39.0297, 26.703
56.2574, 24.4257
73.0891, 31.1089
86, 43
96.604, 75.9604
98, 86
96, 120
93, 133
84.7228, 149.772
72.2475, 159.525
37, 82
77, 82
C:\TrainingData\NTraning017.JPG
21.3593, 75.0049
30.7533, 65.9889
49.3699, 71.7694
32, 72
63.7431, 71.966
85.5145, 67.5512
94, 76
86.1496, 73.4225
28.1327, 84.2981
38, 78
47.48, 83.8193
37.063, 85.5983
68.5812, 84.3183
78, 79
85.6456, 84.6358
77.9399, 86.0872
46.5124, 105.349
59, 102
70, 106
59, 110
41.0796, 126.228
48.0697, 120.7
53.2051, 116.436
58, 118
62, 117
68, 122
73.8426, 127.251
65, 130
58, 132
49, 129
58, 148
58, 159
39, 153
26, 143
17.6552, 127.423
14.5306, 116.945
14, 87
13, 77
22, 44
41, 35
58, 31
80, 35
98, 51
102, 77
102, 87
99, 120
96, 129
87, 143
76, 152
38.1415, 81.6019
77.2041, 82.4586
C:\TrainingData\NTraning018.JPG
22.1688, 75.1648
28, 66
53, 73
33, 73
65, 73
87.8544, 67.6461
94, 77
87, 76
29, 83
39, 78
44.4933, 84.1127
38, 86
69.6423, 85.6097
80, 79
86.8941, 83.7794
77.6807, 86.5643
46, 112
61, 110
72, 113
60, 118
41.6406, 132.038
46, 129
51, 128
58, 129
63, 127
68, 129
75, 133
65, 135
58, 137
51, 136
58, 154
58, 166
40, 161
27, 150
14, 134
11, 119
8.59441, 87.214
8.23853, 77.1928
17, 41
37, 28
57.5988, 23.9404
75.9352, 27.889
94, 40
101.191, 75.5828
101.994, 86.1068
98, 120
95, 136
83.9736, 148.844
72.8848, 159.136
38, 82
78, 83
C:\TrainingData\NTraning019.JPG
19, 77
26, 67
46.9049, 71.0752
28, 75
68, 69
89.6569, 68.0259
97, 79
89, 76
25.8297, 84.9801
37, 79
45, 84
37, 86
69, 85
79, 79
85, 85
78, 87
45, 110
57, 106
70, 108
57, 114
39, 132
44, 129
49, 126
57, 127
63, 126
69, 128
75.586, 131.155
66, 136
58, 137
48, 137
59, 156
58, 167
39, 164
23, 152
16, 134
12, 124
10, 86
10, 78
17, 41
37, 25
58, 22
81, 28
95, 38
104, 80
105, 90
102.739, 123.279
98.5627, 135.746
90.6249, 150.169
75.9594, 161.696
36, 83
78, 83
C:\TrainingData\NTraning020.JPG
22.3531, 73.0829
32, 66
46.8671, 73.1799
32, 73
64.8863, 75.2879
83.5942, 65.3676
90.7733, 71.5435
82.605, 71.3679
29, 83
38.5602, 79.4529
44.9163, 83.8907
37.1595, 84.5841
71, 84
78, 79
85.3832, 82.1803
78.44, 85.0417
46.5944, 105.862
59, 104
69, 106
57.6703, 110.832
42.3461, 123.405
46.2985, 119.619
51.083, 117.142
57.4854, 119.43
62, 117
68, 120
73.7202, 124.51
65, 127
56.8706, 128.019
49, 127
59, 139
59, 148
41, 144
28, 136
19.0663, 125.915
14, 111
10, 85
11, 74
23, 38
39.2119, 29.1443
59, 25
76, 26
93, 37
102, 72
103, 85
100, 110
95, 127
85, 138
72.8558, 144.707
37.215, 82.0046
77.215, 82.0046
C:\TrainingData\NTraning021.JPG
21, 80
29.6756, 72.375
51, 77
30.2947, 77.3536
66, 78
87, 72
92, 78
87, 77
30, 85
37.8356, 79.1256
44, 82
36.9849, 86.2688
70.8384, 83.6763
76.5167, 78.6021
84.7523, 84.0086
77.9061, 85.8711
47, 103
60, 101
73, 102
60, 108
44.5308, 119.951
51.4526, 116.745
55.1878, 114.258
61, 115
66.8867, 114.016
70.8183, 116.035
74.2263, 119.372
68.9456, 125.368
62, 127
54, 126
62, 136
62, 145
45, 143
32, 136
20, 124
17, 116
15, 87
15, 81
21, 42
36, 31
55, 25
77, 28
92, 41
96, 78
96, 87
93.4208, 113.709
90.778, 120.752
85, 132
74.0149, 139.136
37.1863, 82.6846
77.1863, 82.6846
C:\TrainingData\NTraning022.JPG
25, 71
34, 62
51, 70
34, 70
67, 69
87.0277, 64.6772
95.1782, 71.7822
87, 70
28, 84
37, 78
45.6812, 83.2119
37.6891, 85.6911
70.402, 84.8198
79, 79
86, 83
78.8139, 85.7386
47, 108
60, 105
71, 109
59, 112
41.4119, 130.919
45.4673, 128.273
50.1089, 125.089
57.9109, 127.109
65, 126
70, 128
74, 132
65.4515, 135.315
58, 137
50, 135
58, 154
57, 164
40, 159
25, 150
15, 133
13.0396, 122.396
11.8436, 84.0356
14, 73
27, 37
42, 30
59, 26
76.6673, 29.8733
95, 39
104.739, 72.1861
108, 85
105.974, 122.943
102, 135
90, 148
76.2871, 158.871
37.2693, 82.2931
79, 82
C:\TrainingData\NTraning023.JPG
26, 73
36, 66
51, 72
34.5, 73
63, 73
85, 66
91, 71
83, 72
28.5, 83.5
38.5, 79.5
46, 83.5
38, 85
71, 83
78, 79.5
86, 82
78, 84.5
47, 108
58, 102
72, 106
58, 109
43.5, 126
49, 121.5
54, 119
59, 120
63, 118
69, 121
74, 124
66.5, 128
60.5, 130
52, 130
61, 141
62, 148.5
40.5, 143.5
30.5, 137
22.5, 127.5
16, 110.5
16, 86
16, 75.5
25, 39
36.5, 29
55.5, 25.5
76.5, 30
88.5, 39.5
98, 72
99, 82
99, 105
95, 124
86, 139
76, 145
39, 82
77, 82
C:\TrainingData\NTraning024.JPG
17.6972, 78.9908
29.5505, 67.8349
54.211, 74.0367
30, 75
63.8991, 74.3303
85.8991, 68.3303
94.1743, 75.2477
83.8807, 74.9358
27, 84
37, 77
45.4587, 82.8624
38, 86
69, 85
78, 78
87, 84
79.2569, 87.5229
48, 109
62, 105
73, 109
63, 117
37, 131
49, 127
55.6972, 124.991
60, 127
66, 126
71.3303, 129.101
77.8807, 132.936
69, 136
61, 138
49, 136
58, 151
58, 161
34, 155
21, 145
15, 134
7.55046, 113.835
7, 88
9, 79
16.3211, 44.4037
31, 29
54, 26
76, 29
94, 40
99, 77
99, 86
94.7615, 115.872
90.5963, 133.321
83.4587, 148.862
72.3578, 155.193
38, 82
77, 83
C:\TrainingData\NTraning025.JPG
26, 76
31.5908, 67.5035
49, 73
33.9619, 73.3102
67, 75
83.5409, 67.4496
92, 75
85, 75
28.8693, 84.0209
39, 78
48, 84
40, 86
70, 85
79.4453, 79.2381
86.5453, 83.6706
79.1826, 85.9811
51, 108
62, 103
73, 106
62, 111
43.77, 128.238
49.6373, 124.311
54.3661, 122.936
60.0313, 124.196
66, 123
71, 125
77.0472, 127.456
68.4651, 134.395
58.5089, 136.604
50.2907, 134.206
62, 150
62, 159
44, 153
29, 144
19, 133
15.0667, 118.288
11, 87
12, 78
21, 43
36, 33
54, 30
75, 31
90, 38
101, 76
101, 85
100, 120
97, 128
89.8865, 144.58
80, 151
39, 82
77.7679, 82.2897
C:\TrainingData\NTraning026.JPG
17, 79
29, 71
47, 76
29, 76
69, 74
89, 69
97, 76
87, 75
26.9122, 84.8098
34.5805, 79.4244
44.4537, 83.4829
36.8634, 86.3707
70, 83
78, 78
89, 83
80, 87
47, 111
59, 109
72, 110
60, 117
44.1415, 133.473
48.6293, 129.863
53, 128
59, 129
63, 128
68, 130
75.3805, 133.824
69, 138
60, 139
50, 138
60, 155
60, 167
44, 166
26, 153
16, 137
11, 120
9, 88
9, 80
19, 36
37, 24
55, 21
76, 23
92, 34
104.102, 74.722
105.605, 86.6439
103.927, 120.341
99, 135
88.6098, 150.488
78.2488, 162.039
37, 82
79, 82
C:\TrainingData\NTraning027.JPG
25, 74
36, 68
50, 75
36, 72
65, 75
80, 68
91, 73
80, 73
30.4907, 83.2142
38.3491, 78.1214
46.5852, 83.9427
38, 87
67.3474, 85.2513
77.317, 77.5885
85.5464, 83.9292
77.1821, 87.9764
48.8516, 109.427
60.339, 104.901
68, 109
58.1535, 113.184
43.4553, 124.941
48.7032, 120.853
52.8853, 118.83
57.5464, 119.929
62.7538, 118.958
66.8752, 121.609
73.6003, 123.774
65.2293, 128.341
57.9174, 131.363
52.2378, 128.691
59, 139
59, 146
41.1619, 141.535
31.9207, 133.103
24.7572, 124.698
21.3643, 105.953
18, 85
18, 75
27, 41
37, 33
54.5717, 28.9815
72, 31
85, 40
98, 74
97, 82
95, 109
90.2209, 123.99
80.7234, 135.295
73.3643, 141.953
38, 82
76.7369, 82.2563
C:\TrainingData\NTraning028.JPG
21.6117, 75.2803
34.0445, 66.1945
46.4859, 72.9916
34.1994, 72.0882
68.9337, 71.701
81.1514, 65.5406
92.9217, 73.4648
81.2633, 72.0194
28.0303, 83.9875
37, 80
45.6255, 84.6931
39, 87
72.1689, 83.7036
80, 79
83.9994, 82.8088
80, 86
47, 109
59, 105
71, 108
60, 115
41, 128
48, 124
54, 121
59, 123
63, 121
69.2005, 124.074
76, 129
69, 134
61, 137
51, 134
59, 150
58, 162
41, 158
27, 148
16, 129
12, 118
9, 85
10, 76
25, 40
39, 33
57, 28
76, 32
89, 42
99.9426, 73.9811
102, 84
97, 119
94, 130
87, 143
75, 155
38, 83
79, 83
C:\TrainingData\NTraning029.JPG
25, 73
29.8447, 63.582
49, 72
34, 72
69, 71
87, 64
92, 72
85, 71
30, 83
38, 78
45, 85
37, 85
71, 85
78, 79
85.6792, 81.6226
78.8868, 85.3962
45, 111
57, 109
67, 112
57, 116
42.2104, 131.071
47.3483, 127.704
51.2816, 125.861
55.984, 127.864
62, 126
69, 128
72, 131
64, 135
56.4049, 136.006
47.8999, 134.235
59, 150
59.8592, 160.07
42, 157
28.0595, 145.599
18, 131
14, 109
9, 82
10, 73
20, 35
37, 25
58.0305, 22.6241
78.6255, 28.6183
95.6067, 39.1843
102, 74
103, 83
97, 113
93, 132
85, 144
74, 154
37.537, 82.0435
78, 82
C:\TrainingData\NTraning030.JPG
23.2857, 80.2857
32, 71
50.1429, 75.7143
33.5714, 76.8571
63, 75
85, 71
93, 78.5714
83.8571, 74.5714
30, 84
39.8571, 78.5714
48.4286, 84.2857
40, 87
66.7143, 83.7143
77, 77.4286
85, 81.4286
77.5714, 84.8571
48, 107
60, 105
70, 106
60, 114
43.8571, 128.857
49.5714, 125.429
54, 123
58.1429, 124.286
64, 123
70, 126
74.7143, 127.714
67, 130
60, 132
53, 131
60, 148
60, 161
43, 157
31, 148
20, 130
17, 119
13, 86
13, 81
22, 47
39, 34
56, 30
76, 32
90, 42
103, 78
104, 87
101, 115
98, 128
89, 145
77, 156
39, 83
76, 81
C:\TrainingData\NTraning031.JPG
20.4375, 73.3015
33.6423, 66.2336
50.0698, 73.5108
34, 73
65.5883, 73.6651
86, 68
98, 73
87, 74
29.5437, 84.2972
39, 79
46.9022, 85.0519
40, 86
70, 85
78, 79
84.1918, 83.4488
77.471, 85.3274
47, 111
58, 108
69, 111
59, 116
43.663, 130.941
49, 128
53, 125
58, 125
62, 125
66, 127
73, 131
66, 134
60, 137
52, 136
60, 150
60, 160
44, 158
31, 150
19, 133
13, 124
13, 86
12, 74
25, 39
39.8674, 31.3789
56.5868, 27.8532
74.8157, 29.6105
89, 37
105, 74
105, 84
102, 123
99, 131
86.9904, 150.47
71.3451, 158.777
39, 82
77.2341, 82.0165
C:\TrainingData\NTraning032.JPG
24, 78
33, 70
51, 77
34, 75
66, 76
81, 70
92.4768, 75.5474
83, 75
30.3019, 83.3441
36.3726, 78.3199
45, 83
37.6274, 85.6801
70.1829, 84.2269
76.3726, 78.3199
84.6652, 83.4829
77.5679, 86.1215
50, 108
59.7626, 104.844
68, 108
60, 114
43.8072, 126.513
49.2579, 122.754
53, 121
58.0019, 121.236
63, 121
67, 123
71, 126
65, 129
58.1358, 130.243
50.2498, 128.73
60, 145
59, 154
45, 151
34, 141
25, 129
20, 107
18, 85
19, 77
27, 41
39, 34
56, 31
73, 35
87, 43
98, 77
97.4662, 85.2089
99, 110
94, 129
87, 140
76, 150
37.6621, 82.0893
77.2207, 82.0298
C:\TrainingData\NTraning033.JPG
23, 77
30, 71
49, 77
31, 76
63, 76
85.2095, 68.8308
92.1119, 75.9481
84.538, 75.1423
31, 82
39, 79
45, 82
39, 85
70.0439, 83.3876
76.4718, 78.9651
84.1979, 82.3402
77.0627, 85.4109
46, 108
59, 107
69, 108
58, 114
41.2704, 125.859
45.9257, 122.098
50.778, 120.487
57, 123
62, 121
68, 122
72.7654, 125.805
67, 132
59, 134
48, 132
58, 143
59, 152
42, 149
29, 138
21, 125
17, 109
15, 84
15, 78
22, 44
39, 35
56, 33
77, 34
91, 43
98, 75
99, 83
98, 109
93, 129
85, 140
72.8729, 148.795
38, 82
77, 82
C:\TrainingData\NTraning034.JPG
25, 73
29, 66
44.6033, 71.9707
33, 72
63.361, 72.2179
83.1463, 65.3496
89, 72
83, 71
31, 84
37.748, 79.2683
44.5382, 83.2228
37.9171, 84.6797
68.278, 82.8976
77.3187, 78.865
83.6797, 82.4163
77.0845, 84.7057
48, 103
58, 100
70, 103
59, 107
42.9122, 124.524
48, 120
53.9041, 116.263
58, 118
62, 116
69, 119
72.4407, 122.767
66, 127
58, 129
51, 129
60, 140
61, 149
44, 146
28, 139
20, 125
15, 109
12.9024, 84.2114
13.3968, 73.3626
20.4081, 44.3935
34.6911, 34.7805
53.7089, 30.0195
73.8195, 33.5577
84.8634, 40.2959
98, 73
98.6911, 82.7805
98.613, 106.95
96.5967, 122.429
90.678, 133.031
76, 144
37.4228, 82.1951
77, 82
C:\TrainingData\NTraning035.JPG
23, 75
32.3846, 68.1538
48.9231, 73.9231
34, 72
63.5385, 72.3846
83.9231, 66.6154
92, 73
83.1538, 70.4615
29.3077, 82.7692
37, 79
45.8462, 85.0769
37, 85.4615
67.7692, 84.6923
77, 78.1538
85.0769, 82.7692
76.6154, 86.2308
47, 106
57, 101.231
67, 105
56.2308, 109.692
40, 125
47.7692, 121.231
52, 117.769
55.4615, 119.308
60.0769, 117.769
64.3077, 120.077
72.7692, 123.154
64, 128
58, 129
49, 128
60, 143
59, 151
37.7692, 142
28.5385, 134.692
22, 124
18.1538, 108.154
17, 83
17, 76
29, 43
39, 35
56, 30
78, 37
87, 43
98.5385, 75.0769
101, 85
97, 108.923
94, 126
85, 138
77, 146
38, 83
77.3846, 82
C:\TrainingData\NTraning036.JPG
21, 73
28, 66
51, 73
29, 73
66, 75
85, 69
92, 79
83.1839, 73.4221
27.4315, 83.5009
35.5741, 77.9099
45, 84
36.227, 85.5722
70.7336, 84.5516
77.2326, 78.9831
85, 84
79.5141, 85.5272
46, 103
58, 101
70, 104
59, 108
39.4841, 123.336
45.4428, 118.323
52, 114
56.9099, 115.426
62, 114
68, 117
74, 123
65, 126
57, 128
49, 126
59, 141
59, 151
38.1782, 148.011
21, 140
12, 127
11, 115
10.4484, 83.7336
10.3283, 74.9681
22, 40
34, 32
51, 27
72, 29
88, 37
100, 79
101, 87
98.0657, 119.794
95.9944, 128.589
89.06, 142.383
76.0019, 149.137
37.818, 81.7148
77.2777, 82.2702
C:\TrainingData\NTraning037.JPG
22, 74
26.751, 66.854
49.7936, 74.1506
32, 74
65.2376, 73.9977
88.1311, 66.2462
94.1535, 74.5034
83.8379, 72.6254
24.9279, 82.7136
37.5568, 78.2321
46.3511, 86.4619
37, 87
69.3035, 84.6505
79.5328, 77.8165
85.5121, 81.7177
78.0312, 86.1482
48, 110
59, 108
69, 112
58, 115
41.6344, 130.073
48.335, 126.838
53.0674, 124.811
57, 127
62, 125
66, 128
71.7422, 130.963
66, 136
58, 138
49, 136
59, 149
58, 157
42, 149
31, 140
25, 130
18, 112
13.8438, 83.2194
14, 76
23, 44
38.7055, 34.2603
58.0821, 31.2962
77.1176, 33.88
94, 44
102.477, 75.2131
102.156, 82.741
98.4977, 113.272
93, 131
85, 144
75, 151
37.992, 82.1882
77.196, 81.8
C:\TrainingData\NTraning038.JPG
20.1461, 72.5618
30.0337, 63.1236
52, 71
32, 69
66, 72
84.4157, 65.3708
94, 75
83.9663, 70.3146
25.5393, 82.4494
35.427, 77.9551
46.6629, 83.7978
37, 85
67.7865, 84.2472
78, 79
84.8652, 84.2472
77.2247, 85.5955
45, 106
57.8989, 103.573
70, 106
58, 113
42.1685, 128.742
45.764, 123.798
52, 120
56.1011, 121.551
61, 121
67, 124
73.6292, 127.393
64, 132
57, 134
48, 132
57, 150
58, 160
42, 155
29, 147
20, 133
14, 112
12, 86
13, 74
22.3933, 34.3596
37.6742, 26.7191
54.3034, 24.4719
75.8764, 27.1685
91.1573, 38.4045
99, 75
100, 86
99.2472, 116.157
94.7528, 130.09
83.0674, 148.966
70.9326, 156.607
36.7753, 81.5506
77, 82
C:\TrainingData\NTraning039.JPG
22.9492, 73.4629
31, 67
50, 75
34, 73
64, 75
84.1327, 66.0646
91, 70
84, 71
31, 84
37, 78
47.0563, 84.2692
38, 86
71, 84
77.2741, 78.7067
86.6951, 81.7875
79.1906, 85.7565
47, 108
59, 106
70, 107
58.8613, 111.729
45.365, 126.296
48.3354, 122.234
52, 120
58, 122
63, 121
67.7171, 122.221
73, 126
66, 129
60, 131
51, 130
60, 142
62, 152
44, 146
33, 139
23.4592, 128.731
17, 110
15, 86
15, 74
21.156, 40.4362
34.121, 31.6314
56.4901, 26.7318
75, 29
88, 35
103, 73
103, 82
103, 110
98, 128
89, 139
76, 148
38.0305, 82.0212
77.6268, 81.6006
C:\TrainingData\NTraning040.JPG
22.9044, 72.298
31, 67
46.1199, 72.6168
31, 73
67, 75
86, 68
91.7193, 72.3673
87, 73
30.6937, 84.1622
36.8614, 79.6299
45.7457, 84.2176
38.4137, 84.8413
71, 84
78.1781, 78.8122
83.1816, 83.7048
77.9702, 85.2571
47, 105
59, 102
69, 105
59, 112
42.6687, 126.269
49.2384, 122.61
54, 120
58.3444, 120.323
62.2252, 120.018
66, 123
73, 125
66, 130
60, 133
51, 131
60, 140
62, 151
43, 146
32, 138
24, 125
18, 108
14, 85
13, 73
21, 41
36, 30
53, 26
76, 29
92, 39
102, 73
101, 84
96.1407, 108.639
91.3174, 124.827
84.0825, 135.777
72.149, 145.714
37.6376, 82.2356
77.6376, 82.2356
C:\TrainingData\NTraning041.JPG
23.5269, 75.0735
36.4084, 68.7502
49.2703, 75.1009
36.1773, 74.3017
63.9109, 74.666
78.0029, 69.0989
92, 73
78.5397, 73.8355
29.3252, 83.6141
38, 80
45.9912, 84.7032
39, 87
68.9647, 84.8129
77.5289, 79.8061
85.141, 82.7483
78.5083, 86.1136
45.4505, 106.501
58.3908, 102.157
69.2155, 106.588
58.2419, 110.478
41.9873, 123.238
46.6298, 119.536
53, 118
58, 119
63.6092, 117.843
67.6131, 119.309
74.4339, 122.274
67.4525, 127.234
61, 129
52, 128
60, 142
61, 149
42, 144
30, 136
20, 125
16.0088, 115.297
17, 84
17, 77
26, 44
39, 33
53, 30
77, 34
91, 42
96, 73
96, 82
96, 111
93, 122
85, 134
75, 144
38, 83
77.6112, 82.5759
C:\TrainingData\NTraning042.JPG
21.3297, 74.1565
28.5404, 67.4788
48, 70
30, 73
67, 73
86.1007, 67.9367
93, 74
86.1757, 71.6087
31, 83
37.7494, 78.7194
44, 82
38, 85
70.5054, 83.7652
78.174, 79.5271
84, 83
78, 85
48, 106
58, 101
70, 106
59, 110
41, 125
46, 121
52.8201, 117.187
58.1574, 118.711
62, 117
70, 120
75, 125
66, 129
59, 130
49.3813, 128.686
60, 143
60, 154
41, 150
26, 140
19, 128
17, 119
11, 85
11, 75
20, 40
35.5845, 32.6411
53.0866, 30.2431
74.7935, 33.8818
92.1041, 42.0999
103, 74
103, 84
99.7977, 119.086
98.3489, 128.095
91.2215, 138.853
75.9176, 148.961
37, 82
78, 82
C:\TrainingData\NTraning043.JPG
24.1963, 76.7655
29, 69
48.3116, 74.1439
30, 75
66, 75
81, 68
88.6445, 72.7617
81, 73
31.8324, 82.5618
39, 78
45, 83
39, 85
70, 85
77.3195, 79.0662
83.5646, 83.4951
78, 86
48, 105
58, 102
69, 105
57.9393, 110.957
42.5362, 124.194
49, 119
53, 117
58, 118
63, 117
66, 119
73, 123
66.702, 127.434
57.752, 129.235
48.7753, 127.933
60, 143
61, 151
43, 146
31, 139
24, 125
19, 110
18, 84
18, 77
27, 38
40, 29
59, 26
76.5527, 30.1073
90, 40
98, 74
98.0433, 83.0255
97, 112
93, 125
85, 137
73.0808, 147.379
39, 82
77, 83
C:\TrainingData\NTraning044.JPG
23.3185, 72.2505
36.414, 65.5924
49, 71.3333
38.0276, 70.7728
65.1699, 70.7558
79.2675, 65.4904
90.3928, 70.3312
81.3397, 70.1783
28.5329, 84.9214
36.8726, 78.4331
46.1465, 84.7686
36.7028, 87.0106
69.4841, 84.8875
77, 79
84.6518, 82.9172
77, 86
47, 107
58, 103
69, 107
59, 111
42.8514, 125.839
48.9151, 122.289
53, 120
57.9002, 120.539
63, 120
68, 122
71.879, 125.278
64, 129
58.2399, 130.051
50.5796, 128.896
57, 143
58, 151
41, 147
29, 138
20, 127
13, 112
12.397, 86.4501
12, 73
26, 41
39, 35
55, 31
78, 33
89, 42
99.9384, 70.9427
99.4798, 84.7686
100.958, 112.811
96, 126
87.5053, 136.149
74, 145
37.0085, 82.2378
77.0085, 82.2378
C:\TrainingData\NTraning045.JPG
26, 72
36, 67
51, 74
35, 71
66, 76
84.8892, 67.9938
94, 76
84.6185, 72.8677
29.8, 83.6
39, 79
46.1938, 84.5108
38, 86
69.3077, 84.4615
77.1354, 79.5631
85.2831, 84.9046
77, 87
45, 107
57, 102
69, 108
57, 111
39.0062, 125.889
44.5446, 122.197
50.9938, 118.111
55.3754, 119.243
60.2985, 118.628
65.8862, 122.049
72.3354, 125.963
64.6062, 129.089
57, 131
47.6954, 129.483
58, 145
56.5569, 153.975
39, 147
29, 138
20, 127
15.7692, 112.154
16, 83
16.1138, 73.9508
26, 44
42, 34
59, 30
79, 36
91, 47
100.84, 76.88
100.668, 87.9815
98.7477, 114.542
93.5046, 128.917
83.56, 139.92
71.0554, 149.003
39, 83
77, 83
C:\TrainingData\NTraning046.JPG
26.6092, 72.023
33.9655, 63.7471
47.9885, 68.8046
35, 70
63.2759, 68.6897
83.1609, 66.7356
90.5632, 72.5747
82.2184, 70.7126
28.8621, 83.6552
38, 79
46.2184, 85.3793
38, 86
68.5172, 84.4598
76.8161, 78.8736
84.931, 83.4943
78, 85
47, 110
57, 108
69, 109
58, 114
42.7701, 126.759
48, 124
52.2644, 121.494
57.4598, 123.149
61.3218, 122.138
66.4713, 123.011
72.1264, 125.816
65.023, 131.724
58, 133
50.1264, 131.816
58.6782, 143.862
58.7701, 152.092
42, 147
30.5862, 139.632
20.8391, 127.264
18.6552, 116.805
16.2414, 82.4368
18.3333, 71.3333
30, 42
40, 35
56, 31
76, 35
88, 44
99.5977, 72.8276
100.034, 86.9195
101, 117
99, 128
85, 142
71.1609, 149.402
38, 82
77, 82
C:\TrainingData\NTraning047.JPG
24.5743, 71.44
31.5782, 66.2524
44.9455, 71.9657
32.0211, 69.4548
65.3454, 73.5622
81.5806, 66.3416
88.833, 70.433
81.3193, 69.92
31, 83
37, 78
43.4861, 84.1477
37, 86
71, 84
78, 79
84.5281, 83.0484
77.4668, 86.0946
46, 108
56, 104
68, 108
55.6617, 112.036
39.2608, 126.404
44.8658, 122.325
51.5798, 119.645
56, 122
60.8588, 119.397
65.9509, 122.832
71.7566, 126.248
65, 132
57, 134
48, 131
56.4647, 142.014
56.6845, 150.223
37.607, 144.662
28.8506, 137.754
20.3363, 126.553
14.7663, 105.274
14, 84
14, 72
24, 36
39, 25
63, 22
77, 26
91, 35
102.79, 71.4878
103.096, 82.9081
101, 110
94, 129
80, 141
72, 146
37.0048, 82.1784
77.0143, 82.5353
C:\TrainingData\NTraning048.JPG
24, 71
30, 65
51, 73
32, 71
63.9903, 72.2913
84.9612, 63.7476
92, 69
86, 68
29.8155, 82
37.1942, 78.1165
46.1262, 84.3301
39, 86
70, 83
76.4175, 78.1165
84.9612, 80.835
80, 86
47, 109
58, 106
70, 109
57, 115
41.466, 125.883
47.6796, 122
53, 120
58, 122
63, 120
67.8738, 122.388
75.2524, 125.495
66, 130
59, 131
52, 129
60.8835, 142.583
61, 152
41, 147
31, 139
23.2136, 127.049
16.6117, 109.573
16, 84
17, 72
23, 40
37.9709, 33.068
58, 30
73.3107, 32.6796
89, 40
101, 69
103, 79
102.437, 110.738
99, 128
91.1748, 138.311
76.4175, 147.243
37.5825, 82.3884
79, 82
C:\TrainingData\NTraning049.JPG
20, 74
31.6092, 65.7307
49.202, 72.9569
32, 73
65.1854, 74.2481
84, 64
94.662, 70.5128
86, 72
28.6717, 83.0929
35.7549, 78.8411
47, 85
36.5757, 86.1088
69.6447, 85.1911
78.3051, 78.2739
86.3244, 83.4342
77.9085, 86.8974
48, 113
58, 109
68.953, 112.325
58, 117
43.3546, 132.196
48.6763, 127.179
53.6843, 124.329
58.0191, 124.956
63, 123
69.308, 126.93
73.3984, 131.011
67.6479, 136.051
61, 138
53, 138
60, 153
60.8598, 161.792
43.4515, 157.997
30.009, 147.967
19.8361, 134.751
12.1118, 111.08
8.086, 84.1997
8.5287, 76.4339
17.8577, 41.9539
41.7729, 30.7756
60, 28
80.1958, 33.4411
98.448, 44.9329
106.426, 73.3212
107, 85
103, 112
97.0553, 131.029
91.2449, 142.955
78.4342, 152.676
37.226, 82.2029
79, 83
C:\TrainingData\NTraning050.JPG
24.6958, 72.1605
32.0392, 66.2849
46.7212, 74.3138
32.1648, 71.9964
64, 74
85, 68
92, 73
85, 73
28.4327, 82.1883
37, 79
45.6156, 84.0084
38, 86
71, 85
78.9191, 79.3205
85.5866, 82.6904
77.7266, 85.061
47, 105
58, 101
69, 105
57, 109
41.1835, 122.348
47, 118
53, 115
58, 118
61.6976, 115.743
66.1298, 117.404
71.0591, 121.691
66, 126
57, 129
50, 127
60, 141
59.3561, 149.201
41.1883, 142.567
29, 134
21.8811, 124.091
14.9722, 109.737
13.5335, 84.274
13.2824, 72.8509
20, 40
37, 29
55, 25
76, 27
93, 39
102.098, 73.9759
102.282, 82.3235
100.703, 110.49
96, 125
85, 137
72, 145
37.2197, 81.9952
77.2197, 81.9952
C:\TrainingData\NTraning051.JPG
23.7368, 71.4737
35, 65
50.2632, 72.7368
35, 70
65, 75
81, 67
93, 75
81, 71
29.2105, 82.4211
36.7895, 77.3684
45.6316, 84.5263
36.7895, 84.9474
71, 84
76.7895, 79.0526
85.2105, 84.1053
77.6316, 85.7895
46, 106
59, 102
71, 106
57.4211, 109.789
41, 126.211
48.5789, 122.421
52.3684, 119.895
57.4211, 121.158
62.0526, 120.316
67.5263, 123.263
74.2632, 127.053
66, 133
57, 134
49, 131
58.2632, 144.737
58.2632, 153.579
40, 146
27.1053, 135.895
23, 127
21, 118
16.1579, 83.6842
17, 72
22.4737, 48.3158
37.2105, 39.4737
56.5789, 36.5263
78.8947, 38.6316
90.6842, 47.0526
99.5263, 76.9474
99.5263, 87.0526
94.8947, 121.158
95, 129
88, 141
77, 147
36.7895, 81.5789
78, 82
C:\TrainingData\NTraning052.JPG
24.972, 73.0937
36.8301, 69.8403
50.642, 76.4234
37.3695, 73.9473
65.8851, 75.952
76.8174, 69.4283
90.8756, 70.643
76.9448, 73.5481
30.196, 82.0042
36.6985, 78.9165
45.9276, 83.9919
37.327, 85.9074
69.8605, 84.4889
78.3209, 78.0416
85.0399, 81.9575
79, 86
47, 108
59, 106
70, 108
59, 113
42.6573, 124.918
47.911, 121.456
54.0397, 119.617
58.6479, 121.949
63.9526, 120.135
69, 122
76, 125
67, 130
60, 132
53, 130
60, 144
60, 150
43, 145
34, 138
24.904, 124.23
19.4761, 108.728
14.9656, 82.8877
15.0336, 71.7515
25, 43
41, 32
56, 27
74, 30
88, 36
100.351, 70.35
100.721, 82.2973
99.1533, 111.624
95, 123
86.6581, 134.279
78, 144
37.6243, 82.1869
78, 82
C:\TrainingData\NTraning053.JPG
19.4755, 72.5359
29.8755, 65.3358
47.6113, 73.2604
30.1849, 71.6528
64.2151, 75.1472
80.2, 64.4
90.9547, 71.7585
81.7698, 70.1057
28.3208, 82.3774
37, 79
44.8717, 84.6491
37, 86
67.6717, 84.2491
78, 79
84.6981, 83.0566
76.5774, 85.0792
44, 109
56, 102
68, 111
55, 113
37.9208, 129.577
42.9472, 124.385
48.6377, 120.068
54, 122
59, 121
64.5396, 124.211
71.166, 130.219
61.4, 132.8
56, 134
48, 132
56, 148
56, 157
37, 152
29, 143
20.7887, 131.54
15.3774, 116.679
12, 83
12, 73
20, 47
35, 35
56, 29
81, 34
93, 43
103, 72
107, 83
102, 119
94, 134
84, 146
70.5321, 154.838
37, 82
76.6151, 81.9472
C:\TrainingData\NTraning054.JPG
21.3818, 72.3254
33, 66
51, 76
33, 73
66, 75
85.4078, 65.5748
93.8937, 72.898
86, 72
28.6529, 81.3406
37, 79
44.0976, 82.6855
37, 85
69.538, 83.8221
80, 79
85.7462, 81.8178
80, 85
46.2408, 105.557
56.5401, 99.9262
68.7484, 105.922
57.6161, 111.571
39.9848, 125.271
45.7115, 120.152
51.4902, 117.531
56.115, 119.518
60.6529, 117.341
66.5358, 119.718
73.7115, 124.152
65.0954, 130.581
56.3753, 132.013
45.9024, 129.315
56.2191, 144.516
57, 152
37, 144
28, 137
19, 124
13.3818, 108.325
13, 83
14, 73
22, 39
36, 28
55, 25
78, 30
95, 43
100.557, 72.7592
99.9501, 83.6052
98.8395, 110.295
96, 126
85, 139
74, 146
37.4165, 81.9913
77.4078, 81.5748
C:\TrainingData\NTraning055.JPG
22.9778, 73.2775
33.9352, 65.0323
50.7836, 73.2124
34.7271, 72.2251
64, 74
83.1351, 66.0304
93.4199, 72.6808
83.7969, 70.9449
27.697, 82.5316
36.6149, 78.5934
46.0317, 83.3887
36.962, 84.6688
67.7838, 84.0504
77.038, 79.3312
86.303, 81.4684
78.1012, 84.6037
48, 107
58, 102
69, 107
58, 110
43.9704, 127.316
49.026, 122.456
53, 119
58.0306, 120.036
63, 118
69.2159, 122.445
72.5574, 127.587
66, 130
59, 132
53, 130
61, 146
61.4806, 153.744
46, 151
31, 142
22, 129
17, 115
13, 84
13, 75
21, 43
38, 34
55, 33
76, 34
93, 44
103, 73
104, 83
101, 116
97, 128
88, 139
75.671, 148.743
37.1899, 81.9892
77.1899, 81.9892
C:\TrainingData\NTraning056.JPG
21.8637, 72.2895
25, 66
50, 75
31, 72
65, 74
84.2278, 64.5731
94, 69
85, 70
29.7835, 83.2371
37.6863, 78.4694
44.9113, 85.09
37.2344, 86.0616
69.196, 85.1069
76.7373, 78.4129
85.109, 81.7684
77.2344, 86.0616
46, 114
60, 109
73, 112
60, 116
42.0304, 133.49
48.5379, 128.163
54, 125
60, 125
65, 123
72.0713, 124.802
79, 129
71, 133
62, 136
54, 135
62, 153
63, 163
41, 158
30, 148
20, 136
12.5938, 116.023
11, 86
11, 73
17, 54
32, 34
53, 28
79, 33
93, 43
100.581, 69.8322
101.858, 80.3844
104.208, 112.905
99.4234, 129.287
92.2944, 145.053
82.5727, 156.379
37.4604, 82.2655
77.0141, 81.7627
C:\TrainingData\NTraning057.JPG
22, 73
27.9996, 66.0114
49.1063, 73.5491
29, 72
63.6658, 73.1363
86, 66
95, 73
85, 71
29, 82
37.6165, 77.2483
45.5412, 84.7912
37, 87
68.2885, 84.203
77.1316, 78.1408
85, 83
76.3835, 86.7517
47.0529, 107.115
58.0886, 103.401
67.9377, 107.827
57.8564, 110.211
41.3312, 128.284
48.2808, 124.43
51.5673, 121.36
56.0455, 123.331
60.6476, 121.67
66.0184, 124.126
75.0214, 126.705
67.1329, 131.436
57.9596, 133.851
49.8337, 132.21
58, 149
59.4249, 157.537
40, 152
28, 140
21, 129
16, 118
14.214, 83.7232
14.0695, 74.6274
25, 41
38, 31
55.6328, 28.7716
75.5941, 29.9066
92.0987, 39.1056
102, 75
104, 86
102, 120
98, 129
91, 141
76, 152
37.4463, 82.2425
77, 82
C:\TrainingData\NTraning058.JPG
22.2469, 74.9377
29.3491, 64.9825
49.2793, 71.586
30, 71
62, 72
87, 67
93, 75
86, 72
29, 83
37.2494, 78.9875
45.0898, 83.7955
39, 86
69.4888, 83.7756
76.8304, 78.6085
84.6509, 83.0175
77, 85
46, 111
57, 107
70, 109
58, 115
44.2519, 131.037
48.4414, 126.828
52.2918, 123.835
57.9776, 125.551
64, 124
69, 126
73, 130
67.1945, 133.89
59.7731, 137.461
52, 135
63, 153
62.606, 162.12
42.3766, 157.531
32, 148
23, 132
17, 121
13, 86
14, 75
20, 49
35, 35
48, 30
71, 31
94, 48
101, 75
101.549, 84.9726
101, 120
97, 131
91.3541, 145.082
81, 155
37.808, 82.1596
77.01, 82.1995
C:\TrainingData\NTraning059.JPG
24, 73
32, 68
48.7078, 71.4429
33, 73
67.5388, 73.2146
86, 67
93, 74
86, 71
28.9269, 84.0274
37.0913, 77.7991
45.2374, 84.411
39, 87
69.4384, 84.5023
80, 77
86.6621, 82.8767
79, 87
47, 109
60, 105
71, 108
60, 112
43, 127
49, 124
53, 121
59, 122
63.8676, 120.758
69, 123
76, 126
68, 132
61, 134
52, 133
60, 148
60, 157
42, 154
30, 145
17, 129
14, 116
11, 84
10.79, 74.3288
20, 43
36, 34
53, 29
76, 33
90, 42
101, 75
101, 83
99, 114
96, 127
89, 141
78, 149
39, 83
78, 82
C:\TrainingData\NTraning060.JPG
20, 83
32, 66
49.4559, 75.4895
33, 74
64, 76
88.9247, 67.1437
99, 78
88.1036, 72.4274
30.1949, 82.7341
37.1884, 79.1408
46.4663, 83.4344
39, 86
68, 83
77.623, 78.6964
86.0268, 83.4393
79, 85
45, 109
56, 105
68, 108
57, 114
39, 130
45, 127
51, 125
55.7298, 126.41
62, 126
68, 126
77, 128
66, 133
58, 134
49, 133
59, 148
59, 159
42, 153
31, 143
23, 131
18, 112
16, 88
16, 82
23, 40
39, 30
56, 27
78, 27
92, 36
105, 79
106, 86
106.09, 109.153
101.043, 129.868
90.2094, 144.053
77.1304, 153.867
39, 83
78.0964, 81.7682
C:\TrainingData\NTraning061.JPG
22.694, 75.0219
35.9595, 68.2829
47.1439, 74.1098
35.8134, 72.9099
66.5462, 73.0383
82.6763, 68.9161
94.215, 76.8594
82.9509, 73.5563
30.4337, 83.2663
37.3232, 78.4313
45, 83
37.9121, 86.4499
71, 83
77.3232, 78.4313
84.3412, 82.8634
77.0974, 85.582
48.7246, 104.054
58, 101
68.5076, 104.258
58.2663, 108.566
45.1426, 124.152
49.0478, 120.486
54.1751, 118.121
57.0797, 119.476
61.3392, 117.926
68.0029, 120.242
72.1162, 123.319
64.8459, 126.879
58.5231, 127.101
51.3724, 126.875
60, 141
60, 154
46, 150
36, 143
25, 127
18.5807, 111.945
19, 84
18, 75
25, 44
36, 36
57, 31
77, 34
93, 45
99, 76
99, 86
99, 113
96.0525, 125.339
86, 139
76, 148
37.6243, 82.2302
78, 82
C:\TrainingData\NTraning062.JPG
19, 79
29, 67
49.9629, 75.9267
29, 75
63.8668, 75.4116
84, 67
96, 77
83, 73
29.5579, 83.8652
37.1766, 78.5396
45.9459, 82.6605
37.6584, 85.0948
67, 84
77.1558, 78.9467
86.2699, 84.3097
75.9469, 86.6402
44.2302, 108.287
54.9811, 105.57
68.7395, 107.905
55.0559, 112.105
41, 130
45.3311, 126.711
49.506, 124.883
54.736, 126.374
60, 125
66, 127
70.8748, 130.055
63, 134
55, 135
48, 134
59, 155
58, 167
39, 159
29, 149
20, 130
17, 118
14, 87
14, 80
20.2776, 41.7591
36, 31
58.375, 31.0497
80.2755, 33.7998
95, 42
102.5, 78.199
103, 86
99, 121
94.8108, 132.909
85, 148
75, 159
37.4175, 81.8172
76.9896, 82.2036
C:\TrainingData\NTraning063.JPG
20.0603, 79.2427
32, 67
51, 75
33, 75
62, 75
82.7548, 67.5081
96.3204, 79.0479
82.0146, 73.7195
27.7391, 83.8093
37, 79
44, 84
37, 87
70, 84
76.7468, 78.8618
84.8844, 82.619
76.7295, 87.1942
44.7243, 109.694
55, 106
67, 109
56, 113
40.5342, 126.142
46.0661, 123.931
51.2041, 121.281
56.104, 123.203
59.9521, 121.32
65, 123
70.9768, 125.645
64, 130
56.0867, 131.536
47.382, 130.666
57, 146
57, 154
41, 150
29, 141
24, 127
19, 110
15.9525, 86.1121
16, 79
20, 44
36, 34
56, 29
79, 33
91, 40
102, 79
103, 87
99, 113
95.9309, 126.528
87.5638, 143.175
70.8167, 152.72
36.9675, 82.6233
76.9675, 82.6233
C:\TrainingData\NTraning064.JPG
23.8937, 78.4215
31, 70
53.0018, 76.6038
33, 76
63.57, 76.5256
86.0405, 69.237
92, 78
86.2468, 75.2806
29.4322, 82.7292
35.9702, 78.3859
44.9022, 82.7897
36.1445, 85.5607
69.4215, 83.1063
77.8448, 78.8164
85.9907, 84.3299
77.6421, 85.9804
48, 104
57, 100
68, 104
58.1596, 107.693
39.6234, 122.64
43.8671, 119.364
51.8706, 116.572
55.9862, 117.82
62.8052, 116.881
68.0093, 119.67
73, 122
65.1458, 127.514
56.7866, 129.541
46.2503, 128.488
57, 143
57, 151
39, 146
25, 133
21, 121
19, 109
19, 85
19, 78
25.0818, 49.7759
38.0831, 43.7288
57.3984, 41.2566
80.2921, 45.6781
90.6363, 53.518
95, 79
96.0965, 87.2574
94.2717, 111.734
91.2268, 125.988
80.6407, 140.028
72.1427, 146.957
36.9733, 82.9426
77, 82
C:\TrainingData\NTraning065.JPG
23.6271, 76.9073
32.8991, 69.5079
48.7527, 74.9943
32.1218, 74.9186
65.8025, 73.7123
83.2208, 68.8265
91.9577, 77.6189
84.2404, 74.1968
30.0372, 82.1565
38.0524, 78.8303
46.6681, 82.2322
37.2852, 84.6902
68, 82
77.6032, 78.8404
85, 82
76.4271, 86.5073
45, 102
57, 99
67, 103
55, 106
38, 122
44.3211, 117.791
49.2019, 114.984
55.0719, 116.201
61, 116
65.9035, 118.204
73.1918, 122.535
62.9104, 125.013
54, 125
46, 124
56.9748, 140.877
55, 153
36, 145
25, 137
19, 121
16, 109
17, 84
18, 79
26, 49
41, 40
59, 38
80, 41
94, 53
98.6959, 77.4675
99, 84
99.9325, 112.496
96.1621, 124.715
90.595, 136.975
74.2265, 148.579
37.6738, 81.9849
77, 83
C:\TrainingData\NTraning066.JPG
20.7895, 71.8947
32.5789, 64.7368
43.9474, 70.2105
33, 70.2105
67.9474, 69.3684
84.3684, 66.8421
94.0526, 75.2632
85, 73
27.5263, 82.4211
36.3684, 78.2105
44.3684, 82.4211
37, 84
67.9474, 82.8421
78.0526, 77.7895
83.9474, 84.5263
77.6316, 85.3684
46, 104
57, 100
68, 103
57, 108
38.0526, 125.789
44, 121
51, 117
57, 117
62, 117
67.1053, 119.053
73.8421, 124.947
66, 130
58, 133
47.7368, 130.842
59, 145
59, 154
39, 148
28.3684, 140.947
21, 127
17, 113
17, 83
16, 72
24, 38
36, 31
54.8947, 28.5263
77, 33
90, 41
98, 76
98, 86
97, 114.842
95.3158, 127.895
88, 140
78, 147
37.6316, 81.1579
77.2105, 82
C:\TrainingData\NTraning067.JPG
18.8401, 74.5477
28.63, 63.6663
49.6298, 72.6882
32, 71
62.8247, 71.9541
84.887, 64.2845
95.3289, 74.0695
84.8194, 70.4376
28, 84
35.9471, 77.8126
45.114, 83.6276
36, 87
70, 84
77.7051, 77.8319
85.9833, 84.5163
79, 87
48, 110
58, 105
68, 110
57, 114
40.1876, 131.925
48, 128
53, 125
58.2654, 126.849
63, 125
70, 127
76, 131
68, 136
60, 138
50.2432, 136.871
60, 155
60.0427, 165.11
41, 160
29, 150
22, 134
18, 120
14, 87
14, 75
22, 48
35, 39
58, 36
78, 39
93, 49
100.163, 74.1227
100.019, 87.3079
99, 123
98.1833, 134.321
90.9821, 149.626
80.7769, 158.305
36.7778, 82.2173
77.2125, 82.6617
C:\TrainingData\NTraning068.JPG
18.0595, 76.4432
31, 64
50, 74
31, 73
63, 75
85, 64
95.7459, 75.9243
86, 73
26.7622, 82.227
36.1892, 76.8649
44, 83
36.9027, 86.1838
67.6811, 82.7135
79, 77
86, 83
79, 86
45, 109
57, 106
71, 109
57, 113
38.1784, 131.33
44.3081, 127.751
53, 125
57.3568, 126.659
64, 124
70.373, 126.962
78, 130
69, 137
59, 141
49, 139
59, 157
60, 167
40, 162
26, 148
19, 133
13.9297, 114.022
12, 85
11.4973, 78.6162
21, 32
38, 24
56.5892, 19.6649
77.7892, 28.0649
92.8811, 39.1135
100, 76
100, 84
101.454, 110.476
98, 132
87, 150
79, 159
37.0216, 81.0703
77, 81
C:\TrainingData\NTraning069.JPG
20.6856, 76.3581
28.0882, 68.4384
49.0943, 76.0926
29, 74
62.9249, 75.9633
83.7913, 68.6655
93, 74
85, 74
29, 83
36.7834, 78.8245
43.931, 83.6175
36.8428, 85.179
67.1066, 83.4009
77.1537, 78.4472
84.6751, 83.2367
78, 86
48, 110
55, 106
67, 109
57, 114
42.1214, 129.99
46.5721, 126.21
52, 123
57, 123
62, 122
66, 125
72.3852, 128.211
67, 133
58, 136
48.1301, 132.924
58.7223, 146.283
59, 156
40, 152
29, 142
21, 130
17, 110
14, 86
14, 78
23.7249, 41.5633
39.7144, 32.4419
58.3904, 30.772
78.5965, 32.8262
92.8917, 42.4122
98, 74
99, 83
98.7537, 109.647
96, 128
88, 141
77, 152
37.1886, 82.1852
77.1886, 82.1852
C:\TrainingData\NTraning070.JPG
23.2135, 77.5361
37.3947, 67.8234
53.0577, 73.6584
35.8482, 73.7784
67.2435, 73.8384
86, 69
93.3024, 77.97
83.9498, 75.4172
29.0208, 82.517
39.1166, 77.79
48.8061, 82.5078
39, 85
69.4132, 83.3941
80, 77
87.015, 84.1512
80, 86
49, 103
58.8373, 99.2833
69, 103
57.7017, 105.686
40.6676, 121.728
47.7398, 117.301
53.4501, 114.535
58.1356, 115.597
63.3243, 114.96
68.3283, 118.616
74.1725, 122.739
64.6907, 123.191
57.7294, 125.042
48.7507, 123.796
57.5124, 140.087
56.5107, 153.377
36, 141
28, 134
22, 123
20.4484, 111.826
16, 85
16, 79
25, 48
39, 37
58, 32
81, 37
93, 48
98, 79
98, 87
93.4316, 114.965
92, 125
84, 136
75, 144
38, 82
78.0733, 82.0462
C:\TrainingData\NTraning071.JPG
22, 77
36, 67
53, 77
36, 73
65.1633, 75.4694
82.3061, 67.7143
92.9184, 77.5102
82.7143, 72.6122
29.2449, 83.2245
37, 77.9184
47.2041, 84.0408
37.8163, 86.4898
68.8367, 83.6327
78, 79
85.9796, 83.2245
78.2245, 86.0816
49.2449, 106.898
59, 104
68.4286, 105.673
60.2653, 111.388
42.3061, 125.265
47.6122, 122.816
53, 120
57.8163, 120.367
64, 119
70.4694, 120.367
75.7755, 124.857
69.6531, 129.347
59.8571, 131.388
51.6939, 129.755
61.898, 142.408
62.3061, 152.612
44.3469, 148.531
32, 139
26, 127
18, 108
17, 87
16, 77
23.9388, 43.6327
36.5918, 34.2449
54.1429, 29.3469
72.9184, 30.5714
90.4694, 40.7755
97, 78
97, 84
95, 108
92, 124
84, 139
77, 146
37, 82
78, 82
C:\TrainingData\NTraning072.JPG
20.027, 76.1622
34.6717, 67.6401
49.1002, 73.8207
33.9176, 74.0422
67.0567, 73.267
88, 67
94.5847, 74.5326
88, 73
28.4278, 83.445
38, 77
46.822, 83.3711
38, 86
66.1971, 81.9631
77.9413, 76.526
85.4878, 82.3902
77.0396, 86.1397
47, 109
57, 108
68, 109
57, 115
38.2894, 128.956
44.4015, 126.018
51.8477, 124.062
55.8715, 126.546
59.6473, 124.421
66.0072, 126.092
75, 129
64.2301, 134.746
56, 136
45.4403, 133.423
58, 156
57, 164
34.8352, 154.084
25.7067, 142.63
20, 129
19, 114
15.9347, 85.1694
15, 77
21, 44
37, 35
57.9229, 31.9275
79, 36
92, 47
99, 75
99, 83
99.2149, 113.826
95, 131
87, 146
77, 156
38, 82
77, 82
C:\TrainingData\NTraning073.JPG
21, 80
30.7064, 67.5282
52.5138, 75.452
31, 75
66, 75
86, 66
94.195, 75.3813
87, 73
31, 84
36.6306, 78.2261
46.5454, 83.7034
38.2277, 86.1588
69.68, 83.1503
77.4535, 77.7704
87.7886, 83.2299
78, 85
48, 109
62, 106
73, 108
62, 112
40.8027, 127.314
47.8417, 124.491
55, 122
60.8536, 123.522
66, 123
71.4143, 124.34
77.3871, 126.194
70.472, 131.959
60.858, 133.627
51.943, 131.897
63, 148
62, 162
41, 154
31, 146
21, 129
16, 114
13, 88
14, 82
22, 44
36, 37
54.1242, 33.7
76, 35
91, 45
98, 76
99, 86
97.7123, 108.917
94, 128
88, 142
80, 153
37.2102, 81.9911
77.6305, 81.9735
C:\TrainingData\NTraning074.JPG
19.4607, 78.2244
29.7807, 68.9502
49.8523, 75.8245
30, 75
65.6709, 74.4097
83.1083, 68.3947
92.7687, 75.7941
82.7568, 74.6484
28, 83
36.1299, 78.4674
44.918, 82.1259
37, 86
69.9239, 82.6987
77.3841, 78.871
85.3389, 82.5381
78.2954, 86.3615
47, 105
58, 102
69, 104
58, 110
41.5893, 122.577
47, 120
53, 119
57, 120
62, 119
67, 121
73.2656, 123.497
66, 126
58, 128
49.1319, 126.665
59, 144
59, 153
43, 150
29, 142
21, 125
18, 113
16, 86
16, 79
23.7441, 49.4298
36, 41
54.4482, 37.0266
78, 39
91.215, 46.6436
96.9306, 75.3341
97.4296, 83.2455
95.2337, 112.435
92.0353, 125.385
83.4511, 141.308
70.627, 150.191
37, 83
77.0022, 82.2083
C:\TrainingData\NTraning075.JPG
20.0108, 75.9785
32.4839, 66.5161
50.1183, 73.3979
32.4839, 72.1075
66.0323, 74.2581
79.3656, 67.3763
94.4194, 74.6882
79.7957, 72.1075
29.4731, 82.4301
36.7849, 77.6989
45.8172, 82.4301
39, 85
69.4731, 82.8602
76.3548, 77.6989
85.3871, 83.7204
77.6452, 85.871
47, 108
59, 101
70, 106
60, 110
44.957, 125.441
48.3979, 123.29
52.6989, 120.28
59, 122
64, 121
68, 123
73.3441, 126.301
65.6021, 130.172
59, 131
50.1183, 129.742
59.1505, 146.516
57.4301, 157.699
43.2366, 153.828
29.4731, 146.946
15.2796, 128.021
11.8387, 115.548
11.8387, 86.3011
11.8387, 75.9785
24.3118, 40.7097
39.3656, 32.1075
54.8495, 29.957
75.4946, 31.6774
89.6882, 43.7204
101, 76
102.591, 85.0107
98.7204, 118.989
94.8495, 131.032
87.9677, 144.366
75.9247, 154.688
38.0753, 81.1398
78.0753, 81.5699
C:\TrainingData\NTraning076.JPG
20.6082, 76.0004
34, 65
50, 73
34, 73
65.6496, 74.1984
89, 68
95.7874, 81.5251
87, 74
28.0409, 83.8062
36.5633, 78.4723
45.7259, 84.7178
36.5082, 87.5417
70, 85
76.9534, 78.9048
85.7471, 84.3065
77.8056, 86.3714
46, 109
56, 106
67, 109
57, 112
40.9898, 128.597
46.0524, 126.384
50.3347, 123.306
55, 125
59, 124
65.5096, 124.913
72.7219, 128.996
66, 132
58, 135
48, 134
59, 150
59, 158
41, 155
31, 145
23.1565, 130.565
19.9341, 113.079
17.2629, 84.9001
16, 77
25.2044, 42.8353
41.4477, 31.7138
60.1037, 29.7888
79.3913, 31.6078
93.6674, 42.653
101.545, 81.8219
101.901, 90.9124
99.438, 114.703
94.0871, 130.51
84.2546, 145.261
71.4287, 154.084
37, 83
77.9752, 83.0812
C:\TrainingData\NTraning077.JPG
21.3619, 76.5005
28.2707, 67.8564
49.1456, 75.823
29, 74
66.6151, 74.3956
87, 66
93, 73
87.0697, 71.3307
32, 83
37.1033, 79.7104
46, 84
38, 87
70, 83
77.0308, 77.8083
84.3598, 80.1958
78.0524, 84.6266
49, 106
59, 104
69, 104
58.8621, 110.881
42.6897, 126.355
47.548, 123.884
53.1235, 120.243
57.3804, 121.986
61.1119, 119.939
65.4268, 123.203
72.053, 127.141
65.3507, 131.206
56.6595, 133.061
49.6963, 130.278
59, 147
59, 153
43, 150
27, 139
21, 127
16.3624, 105.262
16, 84
16, 77
23, 44
38, 36
57.8224, 33.5877
79, 38
93, 46
99, 73
100, 83
98.2064, 103.668
94, 127
87, 143
75, 152
37.5851, 82.3587
77.1757, 81.6124
C:\TrainingData\NTraning078.JPG
19.8416, 75.5566
29.8326, 65.1312
49, 72
29.1086, 71.1041
67.4434, 72.8416
86.9005, 67.3213
93.8959, 76.1086
86.5656, 71.5837
27.6425, 82.1991
36.9095, 77.7466
46.3846, 83.0769
36, 85
70, 83
78.2036, 78.5701
86.819, 83.4932
80, 86
46, 106
59, 104
70, 106
58, 111
37.9774, 127.937
44.276, 123.973
49, 122
56.6018, 123.285
63, 123
68.5566, 125.158
74.5837, 128.434
62.3032, 131.249
55.0724, 131.403
48.2398, 130.271
58.0226, 150.063
58, 160
33.7873, 151.005
22.9457, 141.448
16, 128
12, 117
13, 84
13, 77
20, 45
36, 34
55, 32
78, 34
93, 42
98.1584, 76.4434
98.7919, 86.2172
97, 120
94, 131
86, 146
77, 153
37, 82
77.4253, 81.991
C:\TrainingData\NTraning079.JPG
20.9046, 74.5813
31, 68
47.603, 73.0542
32, 74
68.4447, 72.6551
84, 68
93, 74
84, 74
27.4035, 82.6334
37.0694, 78.6681
44.8872, 83.4143
36.9219, 85.7484
67.3774, 83.8829
79, 79
84.4967, 82.1562
77.7549, 85.7657
47, 110
58, 107
69, 109
59, 114
41.8416, 129.601
48.1584, 126.399
52.3926, 123.154
58.6226, 124.117
64, 123
70, 125
76, 128
67, 133
60, 135
52, 134
61, 149
61, 157
41, 151
29, 142
23, 131
16, 114
13.1822, 85.2538
13, 75
19, 42
36, 32
55.2299, 26.9631
78, 31
90, 42
99, 75
99.9067, 82.4772
100, 116
94, 131
86, 142
78, 151
37, 82
77, 82
C:\TrainingData\NTraning080.JPG
22.0851, 76.1449
33.2045, 70.9376
48, 75
33.4612, 74.5843
66.9582, 75.5337
83, 70
91.5971, 75.7211
83, 75
30.3279, 82.1345
37.3484, 78.3777
45.2367, 83.1409
36.6842, 84.8155
68.6981, 82.4726
79, 79
84.8496, 82.7212
79, 85
46.6302, 108.652
59, 107
71, 108
59, 115
38.7663, 123.283
45.2693, 122.334
51, 122
57, 123
62, 122
69, 123
78.8315, 121.67
69, 129
59, 132
47, 129
61, 147
60.9075, 155.289
39, 150
28, 138
21.7917, 123.406
16.8615, 105.429
16, 82
16, 77
25, 37
37, 28
57, 23
78, 26
94, 39
100.924, 74.8858
101.775, 83.8091
99, 107
97, 122
88.5534, 141.053
78.5137, 149.536
37.2017, 82.0081
77.218, 81.6048
C:\TrainingData\NTraning081.JPG
21.3301, 71.5816
37.1919, 67.1056
45.5605, 73.7083
35.4722, 70.9597
69.4453, 74.6449
85.7754, 68.2265
94.144, 74.8292
86.0441, 71.3743
27.1958, 82.0077
36.762, 78.0691
46, 85
37, 86
69.8292, 84.856
78.2822, 79.3052
85.2226, 82.3225
78.0211, 85.9616
47, 107
58, 100
70, 106
58, 109
41.1996, 124.91
47.9789, 122.038
54.0058, 118.353
58.2207, 120.871
62.2284, 118.676
68, 122
74, 126
66, 129
58, 129
50, 129
57.3762, 142.407
56.977, 152.587
40, 148
30.0595, 138.983
22, 127
16, 114
13, 83
13, 72
22, 46
40.8157, 34.6987
59, 32
78, 36
93, 47
101, 75
102, 84
98, 116
93, 127
85, 140
73, 148
37.3916, 82.0154
76.9846, 82.3916
C:\TrainingData\NTraning082.JPG
23, 73
33.4336, 66.1627
49.4604, 71.4095
33.5446, 71.3216
65.797, 71.0581
82.0318, 65.9778
91.217, 73.0921
82.5726, 71.1275
30.3549, 83.0031
37.5801, 78.9768
46, 82
39, 85
70, 83
77.5709, 78.5469
82.3923, 82.7442
77, 85
48.4712, 105.409
57.8552, 101.767
66.5458, 105.881
56.3112, 109.972
42.8962, 126.174
47.1213, 122.643
51.365, 119.971
57.4299, 121.991
62.9725, 119.721
67.3271, 122.208
71.7001, 125.555
64.8955, 129.142
57.6241, 131.019
49.8302, 128.606
58, 144
57.245, 153.393
42.078, 148.127
29, 137
22, 126
18.5532, 114.225
15.7565, 84.1773
15, 74
23, 44
38, 33
55.8813, 29.981
74.8528, 32.1537
89, 44
96.8151, 73.4018
95.7657, 84.6072
95.5531, 114.719
94, 126
86, 139
72.6385, 149.191
38, 82
76.3644, 82.4438
C:\TrainingData\NTraning083.JPG
22.3405, 74.5898
27.0054, 69.4424
48.882, 74.2681
28.378, 74.6863
66.9946, 74.5576
85.5791, 69.7748
92.4424, 75.9946
84.6032, 75.2654
29.0751, 82.193
36.9249, 77.807
46.1796, 83.319
37.118, 85.7319
68.4853, 83.5335
79.1877, 78.4826
85.2145, 83.6944
77.5791, 85.7748
46, 107
56, 107
68, 107
56, 112
40.9786, 124.231
48.1957, 121.646
52.5603, 119.727
56, 120
60.0241, 119.491
66, 122
74, 125
65, 128
57, 128
48, 127
57.3324, 143.426
57.3539, 153.196
38, 148
29, 139
22, 124
19, 111
14, 83
14, 75
21, 48
34, 34
57, 28
79, 32
93, 45
98.4799, 76.0912
99, 84
96, 115
93, 126
85, 139
77, 148
37.4611, 82.0429
78.3834, 82.1287
C:\TrainingData\NTraning084.JPG
20.4613, 73.5171
35.4965, 66.6834
47.5592, 72.3271
35.5656, 72.9048
65.3496, 73.4628
81.2785, 67.0636
94.2497, 74.475
80.8933, 72.4012
29.4429, 81.8617
39, 78
46.3692, 85.2292
39, 86
69.4725, 84.5281
79.1849, 78.6424
84.562, 82.5826
78, 86
47, 110
57, 106
68, 109
57, 115
38.8442, 127.98
45.9446, 127.012
51, 125
56.5951, 125.56
60.5897, 125.071
68, 127
74.8496, 128.468
67, 134
59, 135
50, 134
57, 150
56.0668, 158.01
40, 152
29, 143
19, 128
16.0125, 113.122
14, 84
15, 74
27.1963, 39.6645
42, 34
58, 33
76, 35
89, 41
102, 74
102, 83
100, 110
95, 129
86.5667, 143.005
75, 151
39, 83
77, 83
C:\TrainingData\NTraning085.JPG
21.9058, 73.8373
34.1161, 66.6304
48.0391, 72.372
34.1123, 71.6786
65.1739, 71.7611
82.1626, 68.032
93.5595, 76.2959
82.1288, 73.4663
28.6706, 81.7414
37.1368, 77.7388
43.8153, 81.7526
36.9532, 85.1032
69.3527, 82.9594
78.5909, 79.0168
85.2994, 82.6446
77.2792, 85.9052
46, 105
56, 101
65, 104
56, 107
39.1831, 121.393
44.4412, 118.694
48.8973, 116.322
53.8256, 117.87
57.4198, 116.596
64.2482, 118.679
70.1547, 122.633
61.6885, 126.636
54.2641, 127.224
45.7717, 126.565
56.0368, 139.401
56.4453, 149.141
36, 144
26, 134
23, 123
20, 112
18, 83
18, 74
26, 45
40, 34
60, 30
79, 35
93, 45
100.984, 75.7075
102, 85
98, 115
95, 125
85, 138
73, 146
36.867, 81.213
77.579, 82.045
C:\TrainingData\NTraning086.JPG
21.6978, 75.8515
33.4421, 67.1468
50.4231, 77.2746
33.1105, 72.2867
67.639, 77.095
84.095, 68.6943
93.1589, 74.8705
85, 73
29.3661, 83.658
37.8083, 79.4715
44, 84
36.9655, 85.8687
70.6511, 83.7409
79.1209, 79.1261
85.2971, 83.3955
78.2504, 85.9516
49, 105
60, 103
69, 105
60, 109
44, 124
48.8618, 121.475
54, 119
58.4231, 119.941
63, 119
68, 121
74, 125
67, 129
59, 131
52, 129
59, 144
59.1831, 154.829
46, 153
32, 145
19, 127
17, 114
15, 83
16, 77
32, 46
42, 40
56, 37
72, 38
87, 44
98.6719, 76.0864
98.9206, 85.5648
97, 113
95, 125
86, 140
72.019, 149.206
37.1865, 82.4421
77.6149, 82.4698
C:\TrainingData\NTraning087.JPG
19.0833, 75.3333
29, 67
50, 75
30, 71
66.1667, 73.6667
82, 67.4167
95.3333, 76.1667
81.5833, 71.1667
27.8333, 81.5833
37, 77.8333
47, 84
38, 86
69, 84
78.25, 78.6667
85.75, 82.8333
77, 86
48, 107
58.25, 104.917
69, 106
59, 112
43, 127
49.5, 124.083
54.0833, 122
58.6667, 123.25
62.8333, 122
68, 123
76, 125
68, 129
61, 132
53, 130
61.5833, 144.5
61.5833, 151.583
43, 147
30.75, 138.667
21, 127
16.5833, 109.5
15, 83
14, 76
27, 41
39, 34
55, 30
74, 33
86, 38
101, 76
101, 85
98, 108
95, 125
87, 137
79, 144
36.5833, 81.5833
77, 82
C:\TrainingData\NTraning088.JPG
20.8085, 71.5349
30.2419, 66.3051
49, 74
30.648, 71.9904
65.72, 74.3501
80.1692, 65.8277
94, 71
81, 72
28.7931, 81.6982
37.6722, 77.3574
44, 82
37, 85
70, 83
77.5844, 78.2903
84.7404, 82.2579
76.8381, 86.2201
45, 103
58.3774, 102.365
69, 105
58.1414, 109.872
37.1893, 122.488
44.4496, 120.348
49.9318, 117.099
56.797, 119.157
62.1036, 117.774
66.5486, 120.546
74, 124
65, 129
56, 130
47, 129
57, 142
57, 150
38, 146
26, 136
20, 122
17, 106
13.2244, 82.1152
14, 72
24.392, 38.4604
38, 31
57, 28
75, 30
87, 37
98.4762, 71.3154
99, 83
94, 109
91, 125
85, 134
75, 144
37.2771, 81.5555
76.3003, 81.9342
C:\TrainingData\NTraning089.JPG
21.2711, 74.981
34.8949, 66.7433
48.4029, 73.8172
34.0541, 72.69
65.6885, 73.8842
80.8538, 68.0777
93, 74
81.4692, 73.0008
29, 82
37.1371, 77.5522
44.674, 82.7982
36, 86
67.8698, 82.2254
77.655, 78.527
85.6733, 83.2673
77.3564, 86.4356
47, 106
59, 103
69, 104
58, 110
43, 124
48, 121
52, 119
57, 121
62, 120
66.3648, 121.275
71, 124
65, 128
58, 129
51, 128
58, 144
58, 153
42, 148
31, 141
20, 125
15, 108
14, 83
14, 76
23, 37
37, 29
56, 27
75, 30
89, 39
101, 75
102, 85
100.668, 110.551
97.0487, 123.974
89.4692, 137.001
74.9071, 147.237
36.7532, 82.0061
77.2711, 82.981
C:\TrainingData\NTraning090.JPG
19.3529, 74.4706
32.5294, 67.4118
46.1765, 72.5882
32.0588, 72.1176
67.8235, 73.5294
85.2353, 68.8235
96.5294, 74.9412
84.7647, 73.5294
29.7059, 82
36.7647, 78.7059
44.2941, 82.9412
36.7647, 84.8235
70, 83
79.1176, 78.2353
84.7647, 82.9412
77.7059, 85.2941
47.5882, 107.412
59.3529, 102.706
68, 105
58.8824, 110.706
40.5294, 125.294
47.1176, 122.471
53, 119
58.8824, 121.059
63, 120
68, 122
73.9412, 125.765
67, 129
59, 132
50, 130
59, 147
59, 155
42, 151
28.7647, 142.706
19.8235, 126.235
16.0588, 112.588
14.1765, 83.4118
14, 74
21, 43
36, 33
52, 29
75, 31
86, 36
100.765, 74.9412
101.706, 84.8235
98, 109
96.5294, 125.765
87, 140
78, 148
37.2353, 82
78, 82
C:\TrainingData\NTraning091.JPG
21, 76
30, 68
51, 75
30, 74
66.5576, 73.7708
82.443, 68.992
91.3767, 75.6339
83, 73
30, 82
37.087, 79.1098
44.6838, 83.3326
38.1989, 86.0743
68.5947, 83.1714
77, 79
84, 82
78, 85
48, 106
58, 104
68, 105
58, 110
43.7756, 121.308
48.1851, 118.24
52.6286, 115.995
56.3846, 117.077
60.4674, 116.084
65.1146, 118.779
69.7788, 121.885
62.8822, 124.644
56.7241, 125.31
49.6918, 124.776
58.1416, 139.685
57.6409, 147.541
42.1714, 142.405
33.1867, 134.528
24.0324, 122.535
20, 109
16, 85
15, 77
25, 40
39, 31
56, 27
77, 31
92, 42
97, 76
98, 85
93, 108
89, 122
81, 134
72, 141
37.2228, 82.4032
76.7942, 82.0085
C:\TrainingData\NTraning092.JPG
22.7678, 76.7527
33.4581, 69.1067
46.8719, 74.5497
33.4248, 72.3717
66.4617, 74.7496
81.2124, 69.1858
91.3363, 77.0443
80.771, 72.4466
30.8678, 82.9578
38, 78
43.936, 82.2749
38, 85
69.6476, 82.5372
77.4435, 78.5351
84.748, 82.6913
78, 85
48.1713, 107.216
55.1176, 106.471
66, 106
55.0677, 111.368
41.8829, 123.478
48.0255, 121.5
51.7194, 119.497
56.2004, 120.359
61.1062, 119.593
65.5747, 121.679
72.0755, 124.603
63.8797, 127.784
56.5252, 128.526
48.7793, 127.63
56.7918, 142.406
59, 151
42.0619, 145.929
32.771, 136.447
26.7699, 124.549
23.6049, 114.72
16.1546, 84.8485
16.6335, 77.9146
24, 55
39, 45
55.7965, 39.9469
80, 44
92, 57
96.6419, 77.0984
96.5794, 83.2202
93.3894, 115.841
89.6122, 126.006
83, 137
74, 145
37, 82
78, 82
C:\TrainingData\NTraning093.JPG
20, 76
33, 67
48, 72
34, 72
66.8058, 71.0946
82.2056, 67.5687
92.8134, 72.8701
83, 72
28.6267, 83.7402
37.3228, 79.0895
45.7314, 82.9685
37.1261, 84.9256
69.5549, 82.8726
78.2207, 79.1198
84.8184, 83.3871
78, 86
45.3934, 106.328
55.8096, 103.982
67.4666, 104.825
55.5977, 110.267
42.0492, 125.541
45.7465, 122.52
49.8474, 120.86
56.1021, 121.97
61.5649, 119.907
68, 122
71, 125
66, 129
58, 131
49, 129
59, 144
59, 153
43, 150
29, 142
19.0479, 127.912
15.9559, 112.976
12.8083, 86.3531
12.2282, 76.8953
21, 43
38, 33
56, 29
74, 33
91, 42
99.1286, 72.1841
101, 83
100.445, 113.127
100, 125
93, 139
75.7995, 150.948
37.2169, 82.232
78, 82
C:\TrainingData\NTraning094.JPG
23, 77
34.2966, 72.0414
47.1793, 75.0483
34.9586, 75.2966
65.469, 73.9724
79, 67
89.3034, 71.1586
80, 72
27.8966, 83.2414
36.5862, 78.9655
44, 83
38, 87
69.7724, 83.131
76.9724, 77.531
85.7448, 82.6621
79, 86
48, 107
57.469, 105.972
68, 107
58, 112
42.4069, 121.917
49.331, 119.628
54.931, 118.828
57.8, 119.6
61.469, 117.972
67.6483, 119.021
74.931, 122.828
68.1448, 127.462
58.3241, 128.51
48.3379, 126.745
60.5862, 142.966
60.1448, 151.462
40.4483, 144.621
30.6, 137.2
19.8966, 123.241
18.7931, 112.483
19, 84
18, 78
20, 57
32, 45
52, 40
74, 41
85, 48
97, 73
97.1379, 84.3448
98, 107
98, 121
89, 136
80, 146
37.2759, 82.6897
78, 82
C:\TrainingData\NTraning095.JPG
21.3011, 73.828
34.2043, 66.5161
50, 72
35.0645, 70.8172
68.1828, 71.2473
85, 66
93.129, 72.9677
84, 70
31, 82
37.6452, 77.6989
46.6774, 83.2903
39, 86
71, 82
78.5054, 77.6989
85.3871, 82.8602
79, 85
49.2581, 107.806
58.7204, 106.086
68, 108
58.2903, 111.677
44.5269, 124.151
48.828, 122.43
53.9892, 120.71
57.8602, 122
60.4409, 121.14
65.6021, 122
72.0538, 124.151
64.7419, 126.731
56.5699, 128.021
49.2581, 127.591
58, 144
58, 152
41, 144
30, 134
24, 124
19.1505, 109.957
16, 83
16, 75
26.0323, 45.871
41.9462, 38.129
57.8602, 35.1183
78.5054, 38.9892
88.3979, 45.0108
101, 73
101, 83
97, 111
95, 125
84, 138
75, 145
38, 82
78, 82
C:\TrainingData\NTraning096.JPG
23.9565, 75.0435
37, 68.087
48.7391, 74.6087
35.6957, 73.3044
65.6956, 74.1739
83.9565, 70.2609
91.3478, 77.6522
82.6522, 74.1739
30.0435, 83.7391
36.1304, 78.9565
44.8261, 83.7391
37, 85
69, 83
77.4348, 79.3913
83.9565, 84.1739
77, 86.3478
45, 109
56.1304, 103.739
67, 108
56, 110
40.4783, 127.652
45.2609, 125.913
50.0435, 123.304
54.8261, 124.174
60.4783, 123.739
64.8261, 124.609
71.7826, 128.087
66, 132
58, 134
49, 132
58, 151
58, 158
41, 153
29, 144
21, 129
18, 121
16.1304, 84.6087
16, 76
28.7391, 47.6522
42.2174, 40.2609
57.8696, 38.087
76, 42
86, 48
98.7391, 78.087
98.3043, 85.913
93.5217, 121.565
93, 129
86, 141
75, 151
37, 82
77.4348, 82.8696
C:\TrainingData\NTraning097.JPG
26.0016, 73.7114
36.9936, 67.1544
47.8202, 74.6111
38, 73
66.8419, 73.3337
80.304, 66.8785
90.409, 71.8313
80.1003, 71.8186
29.7618, 82.5263
37.3586, 78.3035
46.6233, 83.6339
38, 86
70.1395, 83.3666
79.417, 78.3883
87.018, 84.0626
78.2711, 86.1761
47.2854, 107.579
57.679, 105.533
66.6679, 107.553
56.1724, 112.069
39.5061, 126.227
46.2117, 123.617
51.2536, 121.351
55.3024, 123.167
59.0753, 121.673
64.7369, 124.381
71.2048, 127.534
64, 131
58, 134
47.9645, 131.112
56.461, 145.071
57, 153
39, 148
29, 139
22.5936, 126.354
21.0955, 112.684
19, 82
19, 74
29, 49
38, 42
56, 38
80, 41
91, 51
96.5671, 72.4976
96.8812, 84.8817
95, 118
92.166, 129.223
84, 141
73, 148
38, 82
78, 82
C:\TrainingData\NTraning098.JPG
21.1303, 76.7055
31.6223, 68.6251
46.4941, 76.3174
31.8025, 74.2107
67.104, 75.2225
86.6466, 67.7103
94.6161, 74.7651
86.8129, 72.8662
29.9453, 83.3028
37.9841, 79.1726
45.8427, 82.79
37.7623, 85.6313
69.5017, 82.887
77.9425, 77.8836
85.7734, 80.6417
77.3049, 84.7859
48.8087, 108.071
58.1781, 105.188
66.4387, 107.932
57.499, 110.801
43, 126
49, 125
53, 123
57.4574, 122.845
62, 122
68, 123
75, 125
68, 128
60, 130
49.9175, 129.11
59.8136, 142.554
60.465, 149.415
44, 146
33.0499, 139.547
23.6112, 126.948
18, 112
14, 85
13, 78
24, 42
35, 34
53, 30
75, 33
89, 43
100.645, 75.0007
101, 82
97, 108
94, 124
85.3992, 135.708
75.3368, 143.774
38, 82
77.2079, 81.7782
C:\TrainingData\NTraning099.JPG
19.5546, 75.2101
31.7563, 68.1176
45.874, 74.5042
32.0924, 72.4874
67.3529, 73.7311
83.1513, 67.6807
96, 75
83.0168, 71.6471
28.563, 83.7479
37, 79
45.1681, 82.4706
38, 87
69.437, 83.6807
77.8403, 78.6387
86.5462, 83.2437
78.042, 86.9748
47, 106
55.3529, 106.303
67, 105
54.4118, 111.21
40.3613, 122.84
47.2185, 120.555
52, 119
57, 120
62, 119
67, 120
75.0168, 121.933
67, 127
58, 131
48, 129
58, 139
59, 147
43, 143
31, 134
24, 123
19, 106
15, 84
14, 76
22.8487, 43.7479
35, 33
53, 26
73.5042, 27.9832
89, 37
103, 76
103, 85
102, 104
98, 123
89, 133
78, 139
36.7983, 82.2353
77.6723, 82.1681
C:\TrainingData\NTraning100.JPG
21.6154, 77.7692
30, 69
48.9231, 76.6154
30, 75
67, 76.6154
86, 71
93.5385, 77.7692
86, 75
29.6923, 83.1538
37.7692, 78.9231
45.8462, 83.9231
38, 85
69.3077, 84.3077
78.9231, 79.3077
84.3077, 83.9231
78, 86
46.6154, 103.538
58, 102
68, 103
57, 108
40.0769, 119.692
47, 117
52.7692, 115.077
56.6154, 116.231
62, 115
66.6154, 117
75, 120
66.6154, 125.462
58.1538, 126.231
48, 125
57, 142
57.3846, 153.923
38, 142
26, 131
21, 120
18, 113
14, 84
15, 78
26, 43
38, 34
56, 30
77, 34
89, 42
97, 78
98, 85
97, 116
95, 122
88, 135
79, 144
37.7692, 82.7692
77.3846, 82.7692
C:\TrainingData\NTraning101.JPG
18.9586, 75.2966
33, 67
51, 74
33, 72
68.2276, 72.869
84.2828, 65.8069
94.4621, 70.8552
84.6138, 71.4345
27.869, 82.7724
37.9655, 78.4138
45.3034, 83.1586
38, 87
69.8828, 85.0069
79.4, 78.8
87.1793, 83.0483
80, 87
48.6966, 108.841
60, 108
71, 108
61.2759, 114.69
39.7034, 123.959
46.7655, 124.014
54, 123
58.0483, 123.821
62.6828, 122.607
68, 123
76, 124
67.7862, 129.366
58.5172, 131.793
51, 130
59.2345, 143.986
60.2, 152.4
38.7103, 147.076
27, 138
17.6897, 125.724
13.6897, 113.724
10, 85
10, 76
21, 44
38, 33
57.7172, 30.1931
75, 32
89, 40
102, 71
102, 82
99, 106
95, 123
87, 135
79, 144
38, 82
78, 83
C:\TrainingData\NTraning102.JPG
22.1488, 79.1363
35.8405, 70.6224
50.1493, 76.1473
36.4528, 74.5515
65.1041, 76.369
80.2084, 69.9908
92.8587, 77.7864
80.3627, 73.5005
30.6965, 83.5958
37.5231, 78.9001
46.548, 84.2177
37.8702, 86.7969
69.8769, 84.9505
78.3619, 77.9841
85.632, 83.3788
79.1285, 85.4229
49.2671, 106.076
60, 103
68, 106
59, 110
43.8965, 123.895
49.0453, 121.031
54, 119
58.2197, 119.749
63, 119
68, 120
73.2709, 122.164
68, 127
60.3988, 129.323
51, 128
62, 141
63, 151
46, 148
30, 140
24, 125
20, 117
18, 87
17, 80
26, 47
38, 40
56, 37
77, 40
91, 48
97, 79
98, 86
96, 116
95, 124
89, 135
78, 145
38, 83
78, 82
C:\TrainingData\NTraning103.JPG
22, 75
34.8298, 67.8051
48.8085, 73.8291
35.0615, 71.8829
65, 75
83.9172, 67.7433
91.0739, 73.7003
84.1489, 71.8211
27.5239, 83.2202
36.7554, 77.6957
46, 85
38, 87
68.0027, 83.6476
78.1404, 78.0716
84.741, 82.242
78.1765, 86.7059
47.0888, 107.563
59.2191, 105.056
70.196, 106.25
59.631, 112.305
44.0151, 125.465
49, 123
55, 121
58.3592, 121.923
65, 122
70.2939, 123.972
76, 126
68.4403, 131.35
59.4559, 133.224
50.6671, 130.542
60.151, 145.457
61.9994, 153.989
44.9264, 149.504
32.7343, 142.924
20, 129
17, 119
14, 85
15, 77
21.5823, 42.6487
38, 33
53.5092, 28.562
75, 33
92, 43
98, 74
99, 83
97, 116
96, 126
89, 137
80, 146
37, 82
77.0129, 82.2265
C:\TrainingData\NTraning104.JPG
21.4649, 70.0108
35, 62
47, 71
36, 68
67.5189, 69.6865
80, 63
95.8541, 71.2757
80, 68
29.9946, 83.2324
38.9784, 76.9297
46.2973, 82.2162
38, 85
68.6, 83.2
78.4919, 77.8486
85.3568, 82.6595
78, 86
45.7676, 104.995
56.9784, 102.93
68.1459, 102.724
57.7568, 109.459
41.0432, 128.141
45.7784, 124.53
49.1081, 121.351
58.3514, 123.892
62.5892, 121.665
68.1135, 124.119
75.4865, 127.081
65.6487, 130.108
59.5513, 132.292
50.2973, 130.216
59, 150
59, 159
41.8, 155.6
27.1405, 145.957
19.1297, 130.422
15.7027, 117.784
14, 85
13, 72
21, 41
37, 30
57, 27
77, 29
94, 41
105, 73
105, 84
103, 118
101, 129
95, 142
80, 153
38, 82
78, 82
C:\TrainingData\NTraning105.JPG
19.5987, 75.0437
37, 65
49.9064, 73.4274
38, 73
66.4388, 72.5876
83.304, 66.2229
96, 73
83.4307, 71.7372
29, 82
37.1453, 78.3185
45.084, 83.6532
37, 85
69.4284, 82.6338
78.0432, 77.3783
86.8798, 81.7729
79.1418, 85.1692
49.225, 103.788
61, 102
70, 103
60, 109
43.6209, 120.009
49, 119
54, 118
58.7853, 119.66
63, 118
68.4248, 118.979
74.8793, 119.75
66, 124
59, 126
49.6898, 124.007
59, 139
59, 147
42.7916, 143.936
28, 135
18, 120
12, 107
10.6194, 84.4455
11, 76
21.0724, 39.1478
40.6419, 30.422
55.7323, 26.8567
76.9762, 30.9661
93, 41
101, 73
101, 84
99, 107
95, 121
87, 134
73.58, 143.228
37.6999, 82.4437
78.1488, 81.9736
